X	Y	Z
616	-328	14328
48	-648	14228
-124	-756	14620
-308	-940	14228
-240	-808	14412
500	-624	14040
-92	-452	14360
-272	-640	14656
-156	-784	14996
-368	-720	14676
288	-460	14540
-140	-312	14520
-88	-712	14512
-380	-1008	14276
-44	-372	14728
428	-480	14564
100	-352	14828
-280	-528	14060
272	-700	14652
148	-720	14552
348	-448	14292
100	-100	14556
8	-584	14564
-96	-968	14756
56	-820	14824
404	-524	14784
364	-972	14072
196	-496	14100
244	-672	14164
56	-780	14576
164	-484	14912
232	-148	14432
324	-104	14828
-244	-764	14212
-504	-1224	14296
16	-812	14376
400	-944	13980
360	-472	14724
300	-748	14764
388	-304	14452
-468	-476	14084
76	-756	14452
-112	-604	15004
308	-308	14820
-340	-564	14312
-156	-192	14380
-356	-308	14608
568	-264	15392
-176	-900	16140
696	-456	15320
1052	-1416	14500
1980	-876	12984
4260	-552	13360
3064	-2116	13292
6136	-484	14496
5008	-1200	14372
5040	-952	14556
5580	-952	13836
4908	384	12664
6204	-888	13588
6264	-704	13536
5488	-932	12328
7296	-3144	14244
7148	-2676	13404
9108	-1360	12584
7628	520	12100
6648	-428	12004
8940	-2108	12928
9928	-1752	12704
9264	-1620	12120
9044	-1200	12208
9144	-740	11844
7744	-1972	11508
10232	-604	10960
11516	-1264	11504
9308	-2448	11016
10344	-2736	10968
12868	-652	10300
12528	-744	9868
11908	-852	9720
10636	-1904	9488
12356	-2400	9928
11356	-2232	9312
13604	-716	8484
12352	680	7908
12672	-928	8536
11568	-3700	9576
15116	-2816	8880
14204	-652	6888
11752	-296	6468
13144	-476	8004
14344	-1744	8076
15404	-2268	8472
15384	-1752	7288
14076	-636	6260
13728	268	6792
12568	-1644	7380
15680	-876	6512
15600	-1016	6344
15984	-820	6528
15456	-948	6684
14968	-1332	7292
15832	-616	6604
15356	-264	6288
15876	-128	6604
13980	-2040	7444
14400	-3696	7684
13616	-1388	7440
14592	-1568	7308
13660	-1340	7744
12016	-1152	7992
16120	356	6892
13260	-932	9604
11268	-1132	8304
12292	-968	9532
10888	-1108	9508
10576	-580	12460
11164	-68	11304
11092	268	10956
9544	208	11364
9944	-1892	10468
10188	408	11972
10400	-1368	13632
9100	-1576	13476
2996	-2740	15000
2064	-3976	11536
11100	-6436	8112
6460	-1188	14564
4848	624	16572
3612	-332	15012
2376	-1188	12848
1104	-1260	13016
1952	-1072	14292
264	-672	15132
596	-880	16516
992	-896	15972
-184	-1900	13704
-1852	-2444	12420
-1852	-2508	14044
-1176	-2132	14496
-2108	-2424	13424
-2300	-1744	14292
-5212	-2324	12312
-5296	-2776	13820
-4860	-1032	14416
-3784	-3192	12584
-5696	-2440	13812
-6880	-3328	13044
-4944	-1100	11044
-6812	-1996	12648
-3496	-4256	240
-6728	-2540	11644
-8136	-1480	13108
-8156	-1456	12744
-8384	-1880	10844
-8296	-1148	11544
-8676	-1436	12104
-8880	-1716	11360
-9744	-2028	9212
-10532	-1952	9884
-11348	-1792	10304
-10952	-1616	9240
-10160	-1856	8096
-11644	-1376	8840
-12748	-1500	8768
-12888	-1704	8684
-12592	-2076	8560
-12464	-2300	7588
-12244	-2008	8816
-12560	-1340	7892
-12712	-1228	9724
-12220	-660	10260
-12016	-664	10144
-10936	-840	10420
-10200	2020	12072
-10104	-8	12700
-8068	-116	10456
-8260	-1820	9788
-6484	-1436	11148
-5800	-80	13528
-5896	372	16028
-3824	336	15984
-1336	-1336	10376
-1216	-1608	10244
-728	-168	14816
156	-12	15456
1056	348	17412
1456	-172	14120
2316	-1192	12536
3824	-436	13584
3664	-60	13652
5300	-384	13624
5408	112	14908
6940	-172	14552
5412	-400	12580
7412	-708	10572
8732	-728	11712
9288	-180	12632
9128	-212	12788
9164	-732	11608
11596	-340	8976
10772	-656	9156
7316	-596	13748
13100	96	10204
15184	-784	8612
13472	-928	10076
10272	-548	11292
10020	-1344	9044
12980	220	9984
13684	432	7580
13064	844	8852
15772	524	6324
14252	896	7220
13092	-920	7684
13792	-660	6776
14736	-940	6624
15516	-1304	6316
16476	-1272	5848
16588	-1364	6240
15488	-1024	6396
14304	-352	5832
14344	-408	5208
15036	-748	5316
15740	-744	5472
16536	-1024	6688
15044	-1852	5804
15460	-1676	6544
14588	-1352	6528
14672	-1064	6732
13788	-612	7300
13712	-1056	8352
15268	-884	9728
13272	-100	9232
11916	-148	9252
9528	-620	8576
10160	348	10184
11916	-644	11680
12104	-5604	4736
10944	-720	11596
6120	-2656	8664
6540	-1288	9544
7556	-748	13932
8020	452	15224
7288	-468	13132
5080	-356	12844
3352	-612	11044
4324	-1036	11544
3140	-3400	9880
284	1244	16628
-24	832	15220
-2836	620	14796
-3028	-1320	12964
-1700	272	13656
-3196	-724	13508
-4188	-16	12960
-4304	1968	16356
-6196	-1376	10456
-6724	360	13972
-7888	1728	14052
-9456	-172	11668
-6536	2168	7156
-4944	2580	9708
-9312	1192	10140
-9320	1608	10676
-10904	1960	10324
-12596	2224	10576
-12912	1736	9016
-11644	1016	7736
-11476	1400	8372
-13024	3188	10924
-12500	2952	9968
-10220	2136	9544
-11432	2416	10112
-10604	2496	10456
-7536	3176	13124
-7168	3824	14156
-5240	3204	14396
-4324	1504	12872
-1996	292	11628
-624	1464	14136
-508	2420	15340
-2748	3612	15188
-328	2048	13404
2032	1320	12816
1276	500	10396
3156	1208	12808
4904	3032	16724
4480	3236	15492
7408	592	11268
8548	-8	10388
7744	336	10796
7540	1716	12760
8500	2620	14388
8324	1648	11664
9376	1044	10960
8012	680	9344
14632	388	10240
15328	1708	12424
14076	1844	12700
15304	-96	8376
14008	-60	7332
14672	640	8032
14844	-1068	5880
12156	-432	5324
13144	832	8412
13696	568	8152
14352	556	9772
16664	1316	12612
13104	712	9152
5788	1108	9204
5648	2008	12588
9100	1304	14080
8028	1624	15072
3144	560	11000
-1364	1612	11764
228	2692	14468
1420	500	13044
728	1696	14256
-1096	1700	12876
-2168	1340	12956
-3444	1368	12688
-4732	1256	13108
-6336	1508	17704
-8396	1120	10908
-9832	196	9744
-10440	68	7080
-11904	844	8152
-14612	1456	6912
-14272	2020	7684
-13020	1324	5812
-14888	1452	5000
-16984	1020	5012
-17124	792	3740
-16412	1600	5140
-15984	2100	6256
-16188	2240	8124
-14920	3076	9332
-13224	2604	9164
-9008	3116	11848
-4144	1176	10264
-1392	1224	9796
1804	2008	13512
540	1812	13032
2100	4272	18300
-1632	5124	16388
1860	1220	11112
4612	68	10444
4340	2020	13660
4864	3972	17264
4804	3304	14276
8796	1204	10476
10156	-1936	2364
12320	-1568	4708
12412	1960	11788
13308	776	8836
14976	-400	6972
13500	-516	5084
15292	560	8968
14572	2500	13128
10448	1896	11496
7772	2528	13632
4964	2716	13224
3580	2976	13304
648	2972	12392
-560	2924	13000
-2368	2620	11176
-2684	1072	9680
-6416	1904	9704
-10444	2456	9012
-12704	540	3880
-17280	564	6064
-18804	652	5568
-17264	648	4916
-16044	-1264	3268
-13960	504	6736
-15812	680	7672
-15184	2028	10116
-12124	3568	12808
-11048	5136	13912
-9944	3564	11484
-4976	2060	10516
-376	-252	9164
3948	3396	14992
-124	4860	16388
3284	1476	10208
6088	608	10568
5792	2200	13640
6448	2852	14564
6664	2520	13120
9692	660	9984
9616	-12	7944
9528	1572	9404
8600	2964	11752
8644	3348	14100
5984	2476	12968
1460	1908	9984
-1932	1484	9040
-6276	1060	8216
-9768	2172	8168
-14672	916	5664
-19568	1596	6400
-19964	2396	7340
-16848	1360	4832
-14328	128	3572
-16096	976	6656
-17800	1700	8372
-15400	1808	7244
-13308	3024	10232
-10568	3380	11024
-7504	2048	9520
-5140	2136	10408
-4392	3796	13464
-920	3448	13240
772	3840	14280
4684	1468	9384
8988	708	9316
7580	1256	9856
5264	2832	12976
2160	2684	11904
-20	1444	8912
-3872	2100	9124
-9176	1248	7952
-13456	-340	4644
-19332	-1324	3100
-26016	-752	5504
-22916	92	4984
-19404	852	5028
-15720	1556	7164
-15384	2044	9736
-12696	2696	10660
-7880	2732	11284
-7976	2516	9664
-5080	1372	6832
804	1492	9320
2756	2020	12032
2116	4192	15540
4496	2140	11164
10888	-364	6248
12484	400	8448
11840	1592	9828
8064	3016	12440
3612	4028	15072
1492	1548	11272
-3436	1028	9544
-9248	1144	9512
-14528	312	7116
-19068	24	7676
-21936	-624	6048
-22496	-236	4708
-18284	2204	9760
-14800	2816	10732
-11728	3500	11496
-7748	3908	11936
-4948	3580	11284
-1272	2872	10060
3492	2268	10152
5220	2180	9268
9056	936	4884
10648	1260	6668
9988	3396	10844
3152	4292	12556
-916	3440	10900
-5112	1640	9356
-9348	1400	9472
-13440	620	8304
-20096	620	8664
-23236	864	10424
-22688	1504	8656
-15724	1096	7124
-14020	2996	12888
-11932	4972	14764
-3180	3196	9100
-1200	3668	8436
3396	3656	9028
4472	2660	6864
12260	984	5064
11172	2948	9860
7236	4164	12040
84	3792	11060
-3264	2192	8628
-8728	1696	8472
-13160	1796	11796
-22576	2324	16036
-25124	3004	12544
-14648	1656	6604
-8664	2408	6560
-1272	5352	15352
1408	4076	11976
4852	2532	8812
7968	2176	7760
6380	3416	9424
5872	4544	13476
2688	3512	12660
-2520	1416	8680
-7236	988	8220
-11236	1016	9604
-16788	836	9548
-23488	1984	10800
-21972	1608	7356
-13308	2964	7888
-11084	4100	12712
-5200	5660	14356
-488	3460	10032
3784	2504	7944
8568	2940	8408
8484	2328	8024
11244	4664	13772
6208	3448	11664
-2084	532	5896
-9080	-20	8616
-17756	2340	17180
-29440	4092	16560
-17708	-336	1484
-7528	540	4364
-6352	6908	17160
-6056	7124	15088
5484	1200	3552
19512	-1028	3412
20044	2604	12552
-560	8336	22092
-5080	4092	13144
-7272	-2408	3820
-20896	540	12752
-31380	4796	17508
-19408	-664	-2104
-6192	-1056	-596
-5076	6524	15792
-1320	5788	14920
11144	1716	11432
8600	2084	13404
4144	3876	17428
-344	4112	16764
-2684	2936	14872
-348	4280	13432
3284	1104	11488
3684	1480	13112
2788	2196	13648
2044	2668	14592
1020	2752	15048
1612	1860	13524
2812	1840	14152
2268	2128	14200
1608	1572	13616
2496	1484	14236
3116	1756	14544
3036	1872	14808
2808	1668	13868
3068	948	12752
2944	2024	14844
1300	2276	15192
1580	1684	14516
1836	964	13212
2220	1124	12720
276	1436	15772
-520	1856	14732
-2980	3320	17780
1240	2416	15560
1880	396	13832
1000	520	13920
3456	1676	13848
988	-816	14516
6804	-1588	-1216
-3160	-2644	10944
1120	-676	14888
880	404	15176
80	-180	15104
652	-456	14008
1428	-232	13632
524	-2208	14136
1712	-476	14216
-92	3160	15720
-1148	608	15724
5432	-13324	15072
-5536	-2692	17800
-2164	888	14868
-128	-1008	13996
1184	-1400	12624
-12	392	14628
88	192	14312
-376	344	15324
584	1076	15132
1684	1060	14148
748	940	13876
504	864	13656
944	872	13384
692	884	13308
912	1840	14644
1744	1804	14412
1048	1852	14900
1744	1884	15000
1720	1688	14296
2232	1788	14412
2528	1860	15044
2036	1036	14176
2568	2128	14708
976	1192	13808
1808	1572	13796
2416	1956	14664
2848	2064	15032
2624	1780	14752
2276	2008	13964
1928	1412	14048
2476	1600	14348
2620	2184	14300
2936	1964	14324
2564	1832	14112
2492	1740	14164
2316	1544	13696
2560	1888	14200
2476	1928	14792
2260	1860	14712
2292	2184	14424
2112	2296	13404
1704	2116	13944
1724	1888	14452
1960	2052	14484
2424	2528	14956
2156	2248	14400
2164	2212	14244
1996	1992	14116
2492	2384	14464
2520	2224	14392
2312	2260	14196
1928	1972	13648
2004	1932	13912
1932	1788	14408
2636	2204	14612
2064	1544	14572
2428	2444	14812
2220	2116	14436
2484	2340	14168
2324	2092	13984
2724	2456	14296
2256	1684	13876
2244	1692	14004
2184	1908	14448
2648	2000	14408
2044	2120	14212
1984	2128	14152
1948	2064	14304
2312	2012	13972
2072	1796	14132
2156	1820	14348
2188	2348	14484
2352	2288	14252
2400	2436	14292
2380	2264	14192
2068	2040	14180
2212	1892	14444
1796	1864	13992
2116	2068	14100
2136	2120	14172
2444	2484	14852
2208	2088	14300
2188	1920	14296
1696	1824	14012
1840	1796	14080
2200	2272	14136
2156	1624	14320
2448	1992	14680
2028	2136	14276
2240	2288	14196
2220	2096	14308
2124	1912	14384
2092	2092	14156
1920	1812	14508
2236	2236	14296
2024	2136	14424

